{
 "cells": [
  {
   "cell_type": "code",
   "execution_count": 3,
   "id": "eddda81f",
   "metadata": {},
   "outputs": [],
   "source": [
    "import numpy as np\n",
    "import pandas as pd\n",
    "from numpy import *"
   ]
  },
  {
   "cell_type": "code",
   "execution_count": 4,
   "id": "a56a81ad",
   "metadata": {},
   "outputs": [
    {
     "name": "stdout",
     "output_type": "stream",
     "text": [
      "[[6.3200e-03 1.8000e+01 2.3100e+00 ... 3.9690e+02 4.9800e+00 2.4000e+01]\n",
      " [2.7310e-02 0.0000e+00 7.0700e+00 ... 3.9690e+02 9.1400e+00 2.1600e+01]\n",
      " [2.7290e-02 0.0000e+00 7.0700e+00 ... 3.9283e+02 4.0300e+00 3.4700e+01]\n",
      " ...\n",
      " [6.0760e-02 0.0000e+00 1.1930e+01 ... 3.9690e+02 5.6400e+00 2.3900e+01]\n",
      " [1.0959e-01 0.0000e+00 1.1930e+01 ... 3.9345e+02 6.4800e+00 2.2000e+01]\n",
      " [4.7410e-02 0.0000e+00 1.1930e+01 ... 3.9690e+02 7.8800e+00 1.1900e+01]]\n"
     ]
    }
   ],
   "source": [
    "#Câu 1:\n",
    "\n",
    "data = np.loadtxt(\"bostonh.dat\")\n",
    "print(data)"
   ]
  },
  {
   "cell_type": "code",
   "execution_count": 5,
   "id": "12742010",
   "metadata": {},
   "outputs": [
    {
     "name": "stdout",
     "output_type": "stream",
     "text": [
      "[[1.0000e+00 6.3200e-03 1.8000e+01 ... 1.5300e+01 3.9690e+02 4.9800e+00]\n",
      " [1.0000e+00 2.7310e-02 0.0000e+00 ... 1.7800e+01 3.9690e+02 9.1400e+00]\n",
      " [1.0000e+00 2.7290e-02 0.0000e+00 ... 1.7800e+01 3.9283e+02 4.0300e+00]\n",
      " ...\n",
      " [1.0000e+00 6.0760e-02 0.0000e+00 ... 2.1000e+01 3.9690e+02 5.6400e+00]\n",
      " [1.0000e+00 1.0959e-01 0.0000e+00 ... 2.1000e+01 3.9345e+02 6.4800e+00]\n",
      " [1.0000e+00 4.7410e-02 0.0000e+00 ... 2.1000e+01 3.9690e+02 7.8800e+00]]\n",
      "-----\n",
      "[[24. ]\n",
      " [21.6]\n",
      " [34.7]\n",
      " [33.4]\n",
      " [36.2]\n",
      " [28.7]\n",
      " [22.9]\n",
      " [27.1]\n",
      " [16.5]\n",
      " [18.9]\n",
      " [15. ]\n",
      " [18.9]\n",
      " [21.7]\n",
      " [20.4]\n",
      " [18.2]\n",
      " [19.9]\n",
      " [23.1]\n",
      " [17.5]\n",
      " [20.2]\n",
      " [18.2]\n",
      " [13.6]\n",
      " [19.6]\n",
      " [15.2]\n",
      " [14.5]\n",
      " [15.6]\n",
      " [13.9]\n",
      " [16.6]\n",
      " [14.8]\n",
      " [18.4]\n",
      " [21. ]\n",
      " [12.7]\n",
      " [14.5]\n",
      " [13.2]\n",
      " [13.1]\n",
      " [13.5]\n",
      " [18.9]\n",
      " [20. ]\n",
      " [21. ]\n",
      " [24.7]\n",
      " [30.8]\n",
      " [34.9]\n",
      " [26.6]\n",
      " [25.3]\n",
      " [24.7]\n",
      " [21.2]\n",
      " [19.3]\n",
      " [20. ]\n",
      " [16.6]\n",
      " [14.4]\n",
      " [19.4]\n",
      " [19.7]\n",
      " [20.5]\n",
      " [25. ]\n",
      " [23.4]\n",
      " [18.9]\n",
      " [35.4]\n",
      " [24.7]\n",
      " [31.6]\n",
      " [23.3]\n",
      " [19.6]\n",
      " [18.7]\n",
      " [16. ]\n",
      " [22.2]\n",
      " [25. ]\n",
      " [33. ]\n",
      " [23.5]\n",
      " [19.4]\n",
      " [22. ]\n",
      " [17.4]\n",
      " [20.9]\n",
      " [24.2]\n",
      " [21.7]\n",
      " [22.8]\n",
      " [23.4]\n",
      " [24.1]\n",
      " [21.4]\n",
      " [20. ]\n",
      " [20.8]\n",
      " [21.2]\n",
      " [20.3]\n",
      " [28. ]\n",
      " [23.9]\n",
      " [24.8]\n",
      " [22.9]\n",
      " [23.9]\n",
      " [26.6]\n",
      " [22.5]\n",
      " [22.2]\n",
      " [23.6]\n",
      " [28.7]\n",
      " [22.6]\n",
      " [22. ]\n",
      " [22.9]\n",
      " [25. ]\n",
      " [20.6]\n",
      " [28.4]\n",
      " [21.4]\n",
      " [38.7]\n",
      " [43.8]\n",
      " [33.2]\n",
      " [27.5]\n",
      " [26.5]\n",
      " [18.6]\n",
      " [19.3]\n",
      " [20.1]\n",
      " [19.5]\n",
      " [19.5]\n",
      " [20.4]\n",
      " [19.8]\n",
      " [19.4]\n",
      " [21.7]\n",
      " [22.8]\n",
      " [18.8]\n",
      " [18.7]\n",
      " [18.5]\n",
      " [18.3]\n",
      " [21.2]\n",
      " [19.2]\n",
      " [20.4]\n",
      " [19.3]\n",
      " [22. ]\n",
      " [20.3]\n",
      " [20.5]\n",
      " [17.3]\n",
      " [18.8]\n",
      " [21.4]\n",
      " [15.7]\n",
      " [16.2]\n",
      " [18. ]\n",
      " [14.3]\n",
      " [19.2]\n",
      " [19.6]\n",
      " [23. ]\n",
      " [18.4]\n",
      " [15.6]\n",
      " [18.1]\n",
      " [17.4]\n",
      " [17.1]\n",
      " [13.3]\n",
      " [17.8]\n",
      " [14. ]\n",
      " [14.4]\n",
      " [13.4]\n",
      " [15.6]\n",
      " [11.8]\n",
      " [13.8]\n",
      " [15.6]\n",
      " [14.6]\n",
      " [17.8]\n",
      " [15.4]\n",
      " [21.5]\n",
      " [19.6]\n",
      " [15.3]\n",
      " [19.4]\n",
      " [17. ]\n",
      " [15.6]\n",
      " [13.1]\n",
      " [41.3]\n",
      " [24.3]\n",
      " [23.3]\n",
      " [27. ]\n",
      " [50. ]\n",
      " [50. ]\n",
      " [50. ]\n",
      " [22.7]\n",
      " [25. ]\n",
      " [50. ]\n",
      " [23.8]\n",
      " [23.8]\n",
      " [22.3]\n",
      " [17.4]\n",
      " [19.1]\n",
      " [23.1]\n",
      " [23.6]\n",
      " [22.6]\n",
      " [29.4]\n",
      " [23.2]\n",
      " [24.6]\n",
      " [29.9]\n",
      " [37.2]\n",
      " [39.8]\n",
      " [36.2]\n",
      " [37.9]\n",
      " [32.5]\n",
      " [26.4]\n",
      " [29.6]\n",
      " [50. ]\n",
      " [32. ]\n",
      " [29.8]\n",
      " [34.9]\n",
      " [37. ]\n",
      " [30.5]\n",
      " [36.4]\n",
      " [31.1]\n",
      " [29.1]\n",
      " [50. ]\n",
      " [33.3]\n",
      " [30.3]\n",
      " [34.6]\n",
      " [34.9]\n",
      " [32.9]\n",
      " [24.1]\n",
      " [42.3]\n",
      " [48.5]\n",
      " [50. ]\n",
      " [22.6]\n",
      " [24.4]\n",
      " [22.5]\n",
      " [24.4]\n",
      " [20. ]\n",
      " [21.7]\n",
      " [19.3]\n",
      " [22.4]\n",
      " [28.1]\n",
      " [23.7]\n",
      " [25. ]\n",
      " [23.3]\n",
      " [28.7]\n",
      " [21.5]\n",
      " [23. ]\n",
      " [26.7]\n",
      " [21.7]\n",
      " [27.5]\n",
      " [30.1]\n",
      " [44.8]\n",
      " [50. ]\n",
      " [37.6]\n",
      " [31.6]\n",
      " [46.7]\n",
      " [31.5]\n",
      " [24.3]\n",
      " [31.7]\n",
      " [41.7]\n",
      " [48.3]\n",
      " [29. ]\n",
      " [24. ]\n",
      " [25.1]\n",
      " [31.5]\n",
      " [23.7]\n",
      " [23.3]\n",
      " [22. ]\n",
      " [20.1]\n",
      " [22.2]\n",
      " [23.7]\n",
      " [17.6]\n",
      " [18.5]\n",
      " [24.3]\n",
      " [20.5]\n",
      " [24.5]\n",
      " [26.2]\n",
      " [24.4]\n",
      " [24.8]\n",
      " [29.6]\n",
      " [42.8]\n",
      " [21.9]\n",
      " [20.9]\n",
      " [44. ]\n",
      " [50. ]\n",
      " [36. ]\n",
      " [30.1]\n",
      " [33.8]\n",
      " [43.1]\n",
      " [48.8]\n",
      " [31. ]\n",
      " [36.5]\n",
      " [22.8]\n",
      " [30.7]\n",
      " [50. ]\n",
      " [43.5]\n",
      " [20.7]\n",
      " [21.1]\n",
      " [25.2]\n",
      " [24.4]\n",
      " [35.2]\n",
      " [32.4]\n",
      " [32. ]\n",
      " [33.2]\n",
      " [33.1]\n",
      " [29.1]\n",
      " [35.1]\n",
      " [45.4]\n",
      " [35.4]\n",
      " [46. ]\n",
      " [50. ]\n",
      " [32.2]\n",
      " [22. ]\n",
      " [20.1]\n",
      " [23.2]\n",
      " [22.3]\n",
      " [24.8]\n",
      " [28.5]\n",
      " [37.3]\n",
      " [27.9]\n",
      " [23.9]\n",
      " [21.7]\n",
      " [28.6]\n",
      " [27.1]\n",
      " [20.3]\n",
      " [22.5]\n",
      " [29. ]\n",
      " [24.8]\n",
      " [22. ]\n",
      " [26.4]\n",
      " [33.1]\n",
      " [36.1]\n",
      " [28.4]\n",
      " [33.4]\n",
      " [28.2]\n",
      " [22.8]\n",
      " [20.3]\n",
      " [16.1]\n",
      " [22.1]\n",
      " [19.4]\n",
      " [21.6]\n",
      " [23.8]\n",
      " [16.2]\n",
      " [17.8]\n",
      " [19.8]\n",
      " [23.1]\n",
      " [21. ]\n",
      " [23.8]\n",
      " [23.1]\n",
      " [20.4]\n",
      " [18.5]\n",
      " [25. ]\n",
      " [24.6]\n",
      " [23. ]\n",
      " [22.2]\n",
      " [19.3]\n",
      " [22.6]\n",
      " [19.8]\n",
      " [17.1]\n",
      " [19.4]\n",
      " [22.2]\n",
      " [20.7]\n",
      " [21.1]\n",
      " [19.5]\n",
      " [18.5]\n",
      " [20.6]\n",
      " [19. ]\n",
      " [18.7]\n",
      " [32.7]\n",
      " [16.5]\n",
      " [23.9]\n",
      " [31.2]\n",
      " [17.5]\n",
      " [17.2]\n",
      " [23.1]\n",
      " [24.5]\n",
      " [26.6]\n",
      " [22.9]\n",
      " [24.1]\n",
      " [18.6]\n",
      " [30.1]\n",
      " [18.2]\n",
      " [20.6]\n",
      " [17.8]\n",
      " [21.7]\n",
      " [22.7]\n",
      " [22.6]\n",
      " [25. ]\n",
      " [19.9]\n",
      " [20.8]\n",
      " [16.8]\n",
      " [21.9]\n",
      " [27.5]\n",
      " [21.9]\n",
      " [23.1]\n",
      " [50. ]\n",
      " [50. ]\n",
      " [50. ]\n",
      " [50. ]\n",
      " [50. ]\n",
      " [13.8]\n",
      " [13.8]\n",
      " [15. ]\n",
      " [13.9]\n",
      " [13.3]\n",
      " [13.1]\n",
      " [10.2]\n",
      " [10.4]\n",
      " [10.9]\n",
      " [11.3]\n",
      " [12.3]\n",
      " [ 8.8]\n",
      " [ 7.2]\n",
      " [10.5]\n",
      " [ 7.4]\n",
      " [10.2]\n",
      " [11.5]\n",
      " [15.1]\n",
      " [23.2]\n",
      " [ 9.7]\n",
      " [13.8]\n",
      " [12.7]\n",
      " [13.1]\n",
      " [12.5]\n",
      " [ 8.5]\n",
      " [ 5. ]\n",
      " [ 6.3]\n",
      " [ 5.6]\n",
      " [ 7.2]\n",
      " [12.1]\n",
      " [ 8.3]\n",
      " [ 8.5]\n",
      " [ 5. ]\n",
      " [11.9]\n",
      " [27.9]\n",
      " [17.2]\n",
      " [27.5]\n",
      " [15. ]\n",
      " [17.2]\n",
      " [17.9]\n",
      " [16.3]\n",
      " [ 7. ]\n",
      " [ 7.2]\n",
      " [ 7.5]\n",
      " [10.4]\n",
      " [ 8.8]\n",
      " [ 8.4]\n",
      " [16.7]\n",
      " [14.2]\n",
      " [20.8]\n",
      " [13.4]\n",
      " [11.7]\n",
      " [ 8.3]\n",
      " [10.2]\n",
      " [10.9]\n",
      " [11. ]\n",
      " [ 9.5]\n",
      " [14.5]\n",
      " [14.1]\n",
      " [16.1]\n",
      " [14.3]\n",
      " [11.7]\n",
      " [13.4]\n",
      " [ 9.6]\n",
      " [ 8.7]\n",
      " [ 8.4]\n",
      " [12.8]\n",
      " [10.5]\n",
      " [17.1]\n",
      " [18.4]\n",
      " [15.4]\n",
      " [10.8]\n",
      " [11.8]\n",
      " [14.9]\n",
      " [12.6]\n",
      " [14.1]\n",
      " [13. ]\n",
      " [13.4]\n",
      " [15.2]\n",
      " [16.1]\n",
      " [17.8]\n",
      " [14.9]\n",
      " [14.1]\n",
      " [12.7]\n",
      " [13.5]\n",
      " [14.9]\n",
      " [20. ]\n",
      " [16.4]\n",
      " [17.7]\n",
      " [19.5]\n",
      " [20.2]\n",
      " [21.4]\n",
      " [19.9]\n",
      " [19. ]\n",
      " [19.1]\n",
      " [19.1]\n",
      " [20.1]\n",
      " [19.9]\n",
      " [19.6]\n",
      " [23.2]\n",
      " [29.8]\n",
      " [13.8]\n",
      " [13.3]\n",
      " [16.7]\n",
      " [12. ]\n",
      " [14.6]\n",
      " [21.4]\n",
      " [23. ]\n",
      " [23.7]\n",
      " [25. ]\n",
      " [21.8]\n",
      " [20.6]\n",
      " [21.2]\n",
      " [19.1]\n",
      " [20.6]\n",
      " [15.2]\n",
      " [ 7. ]\n",
      " [ 8.1]\n",
      " [13.6]\n",
      " [20.1]\n",
      " [21.8]\n",
      " [24.5]\n",
      " [23.1]\n",
      " [19.7]\n",
      " [18.3]\n",
      " [21.2]\n",
      " [17.5]\n",
      " [16.8]\n",
      " [22.4]\n",
      " [20.6]\n",
      " [23.9]\n",
      " [22. ]\n",
      " [11.9]]\n"
     ]
    }
   ],
   "source": [
    "#Câu 2:\n",
    "\n",
    "X =np.append(np.ones((len(data),1)),data[:,:13],axis =1)\n",
    "print(X)\n",
    "print(\"-----\")\n",
    "Y = data.transpose()[-1].reshape(len(data),1)\n",
    "print(Y)"
   ]
  },
  {
   "cell_type": "code",
   "execution_count": 6,
   "id": "c4932385",
   "metadata": {},
   "outputs": [
    {
     "name": "stdout",
     "output_type": "stream",
     "text": [
      "[[1.0000e+00 1.0000e+00 1.0000e+00 ... 1.0000e+00 1.0000e+00 1.0000e+00]\n",
      " [6.3200e-03 2.7310e-02 2.7290e-02 ... 6.0760e-02 1.0959e-01 4.7410e-02]\n",
      " [1.8000e+01 0.0000e+00 0.0000e+00 ... 0.0000e+00 0.0000e+00 0.0000e+00]\n",
      " ...\n",
      " [1.5300e+01 1.7800e+01 1.7800e+01 ... 2.1000e+01 2.1000e+01 2.1000e+01]\n",
      " [3.9690e+02 3.9690e+02 3.9283e+02 ... 3.9690e+02 3.9345e+02 3.9690e+02]\n",
      " [4.9800e+00 9.1400e+00 4.0300e+00 ... 5.6400e+00 6.4800e+00 7.8800e+00]]\n",
      "[[ 3.64594884e+01]\n",
      " [-1.08011358e-01]\n",
      " [ 4.64204584e-02]\n",
      " [ 2.05586264e-02]\n",
      " [ 2.68673382e+00]\n",
      " [-1.77666112e+01]\n",
      " [ 3.80986521e+00]\n",
      " [ 6.92224640e-04]\n",
      " [-1.47556685e+00]\n",
      " [ 3.06049479e-01]\n",
      " [-1.23345939e-02]\n",
      " [-9.52747232e-01]\n",
      " [ 9.31168327e-03]\n",
      " [-5.24758378e-01]]\n"
     ]
    }
   ],
   "source": [
    "#Câu 3:\n",
    "\n",
    "x_T = X.transpose()\n",
    "print(x_T)\n",
    "#Tính vecto B\n",
    "beta = linalg.inv(x_T.dot(X)).dot(x_T).dot(Y)\n",
    "print(beta)"
   ]
  },
  {
   "cell_type": "code",
   "execution_count": 7,
   "id": "a43f3847",
   "metadata": {},
   "outputs": [
    {
     "name": "stdout",
     "output_type": "stream",
     "text": [
      "[[ 1.15665067e+00 -4.79507297e-04 -7.27912374e-05  7.81007312e-04\n",
      "  -5.30636011e-03 -4.72633728e-01 -6.72009691e-02  2.52574657e-04\n",
      "  -1.60858766e-02  4.27955175e-03 -9.32179147e-05 -1.77832398e-02\n",
      "  -1.77463251e-04 -3.44062107e-03]\n",
      " [-4.79507297e-04  4.79667291e-05 -1.74622146e-06  3.33058300e-06\n",
      "   6.29163676e-05  3.32353579e-04  1.60589501e-05 -6.44104667e-08\n",
      "   3.40052584e-05 -2.58500572e-05  6.50408184e-08  3.99960618e-06\n",
      "   4.60269987e-07 -1.13029256e-05]\n",
      " [-7.27912374e-05 -1.74622146e-06  8.36861245e-06  3.98676259e-06\n",
      "  -7.75453928e-06  8.33368670e-05 -3.96939822e-05  9.71684642e-07\n",
      "  -4.89624081e-05  4.27993705e-06 -5.11685476e-07  2.48176992e-05\n",
      "  -1.86831132e-08 -1.64268535e-06]\n",
      " [ 7.81007312e-04  3.33058300e-06  3.98676259e-06  1.67943163e-04\n",
      "  -2.42364262e-04 -2.75364026e-03  1.04925166e-04 -3.97527513e-08\n",
      "   1.14987074e-04  5.04398943e-05 -4.49769287e-06 -4.64149258e-05\n",
      "   2.43976935e-07 -1.05525682e-05]\n",
      " [-5.30636011e-03  6.29163676e-05 -7.75453928e-06 -2.42364262e-04\n",
      "   3.29658256e-02 -4.90317797e-03 -4.98480956e-04 -2.56627859e-05\n",
      "   1.20331081e-04 -2.73145702e-04  1.74383419e-05  4.68840845e-04\n",
      "  -5.27318555e-06  1.15327313e-04]\n",
      " [-4.72633728e-01  3.32353579e-04  8.33368670e-05 -2.75364026e-03\n",
      "  -4.90317797e-03  6.47949909e-01  6.62608200e-03 -5.94124576e-04\n",
      "   9.53889054e-03 -1.59989671e-03 -4.75854409e-05  7.31483621e-03\n",
      "   3.41113655e-05 -5.91605940e-04]\n",
      " [-6.72009691e-02  1.60589501e-05 -3.96939822e-05  1.04925166e-04\n",
      "  -4.98480956e-04  6.62608200e-03  7.75657890e-03 -5.06941561e-05\n",
      "   4.94416767e-04 -1.94649180e-04  5.18444533e-06  3.87223280e-04\n",
      "   5.22111421e-06  5.03507223e-04]\n",
      " [ 2.52574657e-04 -6.44104667e-08  9.71684642e-07 -3.97527513e-08\n",
      "  -2.56627859e-05 -5.94124576e-04 -5.06941561e-05  7.74933231e-06\n",
      "   3.40849783e-05  2.95027780e-06 -6.60690922e-08 -6.00107894e-06\n",
      "  -1.00416035e-07 -1.01485345e-05]\n",
      " [-1.60858766e-02  3.40052584e-05 -4.89624081e-05  1.14987074e-04\n",
      "   1.20331081e-04  9.53889054e-03  4.94416767e-04  3.40849783e-05\n",
      "   1.76669543e-03  9.31684161e-06 -6.48448410e-07 -1.08481101e-04\n",
      "   5.22530772e-07 -1.72708291e-05]\n",
      " [ 4.27955175e-03 -2.58500572e-05  4.27993705e-06  5.04398943e-05\n",
      "  -2.73145702e-04 -1.59989671e-03 -1.94649180e-04  2.95027780e-06\n",
      "   9.31684161e-06  1.95482659e-04 -8.73062968e-06 -7.28225351e-05\n",
      "   5.72701318e-07 -5.32726251e-06]\n",
      " [-9.32179147e-05  6.50408184e-08 -5.11685476e-07 -4.49769287e-06\n",
      "   1.74383419e-05 -4.75854409e-05  5.18444533e-06 -6.60690922e-08\n",
      "  -6.48448410e-07 -8.73062968e-06  6.28018720e-07 -1.64870398e-06\n",
      "   1.19525194e-08  1.29775169e-07]\n",
      " [-1.77832398e-02  3.99960618e-06  2.48176992e-05 -4.64149258e-05\n",
      "   4.68840845e-04  7.31483621e-03  3.87223280e-04 -6.00107894e-06\n",
      "  -1.08481101e-04 -7.28225351e-05 -1.64870398e-06  7.60091944e-04\n",
      "  -5.23477904e-07 -1.33811660e-05]\n",
      " [-1.77463251e-04  4.60269987e-07 -1.86831132e-08  2.43976935e-07\n",
      "  -5.27318555e-06  3.41113655e-05  5.22111421e-06 -1.00416035e-07\n",
      "   5.22530772e-07  5.72701318e-07  1.19525194e-08 -5.23477904e-07\n",
      "   3.20386099e-07  9.37956817e-07]\n",
      " [-3.44062107e-03 -1.13029256e-05 -1.64268535e-06 -1.05525682e-05\n",
      "   1.15327313e-04 -5.91605940e-04  5.03507223e-04 -1.01485345e-05\n",
      "  -1.72708291e-05 -5.32726251e-06  1.29775169e-07 -1.33811660e-05\n",
      "   9.37956817e-07  1.14222223e-04]]\n"
     ]
    }
   ],
   "source": [
    "#Câu 4:\n",
    "#Tính C:\n",
    "\n",
    "C = linalg.inv(x_T.dot(X))\n",
    "print(C)"
   ]
  },
  {
   "cell_type": "code",
   "execution_count": 8,
   "id": "7dc7e215",
   "metadata": {},
   "outputs": [
    {
     "name": "stdout",
     "output_type": "stream",
     "text": [
      "[[30.00384338]\n",
      " [25.02556238]\n",
      " [30.56759672]\n",
      " [28.60703649]\n",
      " [27.94352423]\n",
      " [25.25628446]\n",
      " [23.00180827]\n",
      " [19.53598843]\n",
      " [11.52363685]\n",
      " [18.92026211]\n",
      " [18.99949651]\n",
      " [21.58679568]\n",
      " [20.90652153]\n",
      " [19.55290281]\n",
      " [19.28348205]\n",
      " [19.29748321]\n",
      " [20.52750979]\n",
      " [16.91140135]\n",
      " [16.17801106]\n",
      " [18.40613603]\n",
      " [12.52385753]\n",
      " [17.67103669]\n",
      " [15.83288129]\n",
      " [13.80628535]\n",
      " [15.67833832]\n",
      " [13.38668561]\n",
      " [15.46397655]\n",
      " [14.70847428]\n",
      " [19.54737285]\n",
      " [20.8764282 ]\n",
      " [11.45511759]\n",
      " [18.05923295]\n",
      " [ 8.81105736]\n",
      " [14.28275814]\n",
      " [13.70675891]\n",
      " [23.81463526]\n",
      " [22.34193708]\n",
      " [23.10891142]\n",
      " [22.91502612]\n",
      " [31.35762569]\n",
      " [34.21510225]\n",
      " [28.02056414]\n",
      " [25.20386628]\n",
      " [24.60979273]\n",
      " [22.94149176]\n",
      " [22.09669817]\n",
      " [20.42320032]\n",
      " [18.03655088]\n",
      " [ 9.10655377]\n",
      " [17.20607751]\n",
      " [21.28152535]\n",
      " [23.97222285]\n",
      " [27.6558508 ]\n",
      " [24.04901809]\n",
      " [15.3618477 ]\n",
      " [31.15264947]\n",
      " [24.85686978]\n",
      " [33.10919806]\n",
      " [21.77537987]\n",
      " [21.08493555]\n",
      " [17.8725804 ]\n",
      " [18.51110208]\n",
      " [23.98742856]\n",
      " [22.55408869]\n",
      " [23.37308644]\n",
      " [30.36148358]\n",
      " [25.53056512]\n",
      " [21.11338564]\n",
      " [17.42153786]\n",
      " [20.78483633]\n",
      " [25.20148859]\n",
      " [21.7426577 ]\n",
      " [24.55744957]\n",
      " [24.04295712]\n",
      " [25.50499716]\n",
      " [23.9669302 ]\n",
      " [22.94545403]\n",
      " [23.35699818]\n",
      " [21.26198266]\n",
      " [22.42817373]\n",
      " [28.40576968]\n",
      " [26.99486086]\n",
      " [26.03576297]\n",
      " [25.05873482]\n",
      " [24.78456674]\n",
      " [27.79049195]\n",
      " [22.16853423]\n",
      " [25.89276415]\n",
      " [30.67461827]\n",
      " [30.83110623]\n",
      " [27.1190194 ]\n",
      " [27.41266734]\n",
      " [28.94122762]\n",
      " [29.08105546]\n",
      " [27.03977365]\n",
      " [28.62459949]\n",
      " [24.72744978]\n",
      " [35.78159518]\n",
      " [35.11454587]\n",
      " [32.25102801]\n",
      " [24.58022019]\n",
      " [25.59413475]\n",
      " [19.79013684]\n",
      " [20.31167129]\n",
      " [21.43482591]\n",
      " [18.53994008]\n",
      " [17.18755992]\n",
      " [20.75049026]\n",
      " [22.64829115]\n",
      " [19.7720367 ]\n",
      " [20.64965864]\n",
      " [26.52586744]\n",
      " [20.77323638]\n",
      " [20.71548315]\n",
      " [25.17208881]\n",
      " [20.43025591]\n",
      " [23.37724626]\n",
      " [23.69043261]\n",
      " [20.33578364]\n",
      " [20.79180873]\n",
      " [21.91632071]\n",
      " [22.47107777]\n",
      " [20.55738556]\n",
      " [16.36661977]\n",
      " [20.56099819]\n",
      " [22.48178446]\n",
      " [14.61706633]\n",
      " [15.17876684]\n",
      " [18.93868592]\n",
      " [14.05573285]\n",
      " [20.03527399]\n",
      " [19.41013402]\n",
      " [20.06191566]\n",
      " [15.75807673]\n",
      " [13.25645238]\n",
      " [17.26277735]\n",
      " [15.87841883]\n",
      " [19.36163954]\n",
      " [13.81483897]\n",
      " [16.44881475]\n",
      " [13.57141932]\n",
      " [ 3.98885508]\n",
      " [14.59495478]\n",
      " [12.1488148 ]\n",
      " [ 8.72822362]\n",
      " [12.03585343]\n",
      " [15.82082058]\n",
      " [ 8.5149902 ]\n",
      " [ 9.71844139]\n",
      " [14.80451374]\n",
      " [20.83858153]\n",
      " [18.30101169]\n",
      " [20.12282558]\n",
      " [17.28601894]\n",
      " [22.36600228]\n",
      " [20.10375923]\n",
      " [13.62125891]\n",
      " [33.25982697]\n",
      " [29.03017268]\n",
      " [25.56752769]\n",
      " [32.70827666]\n",
      " [36.77467015]\n",
      " [40.55765844]\n",
      " [41.84728168]\n",
      " [24.78867379]\n",
      " [25.37889238]\n",
      " [37.20347455]\n",
      " [23.08748747]\n",
      " [26.40273955]\n",
      " [26.65382114]\n",
      " [22.5551466 ]\n",
      " [24.29082812]\n",
      " [22.97657219]\n",
      " [29.07194308]\n",
      " [26.5219434 ]\n",
      " [30.72209056]\n",
      " [25.61669307]\n",
      " [29.13740979]\n",
      " [31.43571968]\n",
      " [32.92231568]\n",
      " [34.72440464]\n",
      " [27.76552111]\n",
      " [33.88787321]\n",
      " [30.99238036]\n",
      " [22.71820008]\n",
      " [24.7664781 ]\n",
      " [35.88497226]\n",
      " [33.42476722]\n",
      " [32.41199147]\n",
      " [34.51509949]\n",
      " [30.76109485]\n",
      " [30.28934141]\n",
      " [32.91918714]\n",
      " [32.11260771]\n",
      " [31.55871004]\n",
      " [40.84555721]\n",
      " [36.12770079]\n",
      " [32.6692081 ]\n",
      " [34.70469116]\n",
      " [30.09345162]\n",
      " [30.64393906]\n",
      " [29.28719501]\n",
      " [37.07148392]\n",
      " [42.03193124]\n",
      " [43.18949844]\n",
      " [22.69034796]\n",
      " [23.68284712]\n",
      " [17.85447214]\n",
      " [23.49428992]\n",
      " [17.00587718]\n",
      " [22.39251096]\n",
      " [17.06042754]\n",
      " [22.73892921]\n",
      " [25.21942554]\n",
      " [11.11916737]\n",
      " [24.51049148]\n",
      " [26.60334775]\n",
      " [28.35518713]\n",
      " [24.91525464]\n",
      " [29.68652768]\n",
      " [33.18419746]\n",
      " [23.77456656]\n",
      " [32.14051958]\n",
      " [29.7458199 ]\n",
      " [38.37102453]\n",
      " [39.81461867]\n",
      " [37.58605755]\n",
      " [32.3995325 ]\n",
      " [35.45665242]\n",
      " [31.23411512]\n",
      " [24.48449227]\n",
      " [33.28837292]\n",
      " [38.0481048 ]\n",
      " [37.16328631]\n",
      " [31.71383523]\n",
      " [25.26705571]\n",
      " [30.10010745]\n",
      " [32.71987156]\n",
      " [28.42717057]\n",
      " [28.42940678]\n",
      " [27.29375938]\n",
      " [23.74262478]\n",
      " [24.12007891]\n",
      " [27.40208414]\n",
      " [16.3285756 ]\n",
      " [13.39891261]\n",
      " [20.01638775]\n",
      " [19.86184428]\n",
      " [21.2883131 ]\n",
      " [24.0798915 ]\n",
      " [24.20633547]\n",
      " [25.04215821]\n",
      " [24.91964007]\n",
      " [29.94563374]\n",
      " [23.97228316]\n",
      " [21.69580887]\n",
      " [37.51109239]\n",
      " [43.30239043]\n",
      " [36.48361421]\n",
      " [34.98988594]\n",
      " [34.81211508]\n",
      " [37.16631331]\n",
      " [40.98928501]\n",
      " [34.44634089]\n",
      " [35.83397547]\n",
      " [28.245743  ]\n",
      " [31.22673593]\n",
      " [40.8395575 ]\n",
      " [39.31792393]\n",
      " [25.70817905]\n",
      " [22.30295533]\n",
      " [27.20340972]\n",
      " [28.51169472]\n",
      " [35.47676598]\n",
      " [36.10639164]\n",
      " [33.79668274]\n",
      " [35.61085858]\n",
      " [34.83993382]\n",
      " [30.35192656]\n",
      " [35.30980701]\n",
      " [38.79756966]\n",
      " [34.33123186]\n",
      " [40.33963075]\n",
      " [44.67308339]\n",
      " [31.59689086]\n",
      " [27.3565923 ]\n",
      " [20.10174154]\n",
      " [27.04206674]\n",
      " [27.2136458 ]\n",
      " [26.91395839]\n",
      " [33.43563311]\n",
      " [34.40349633]\n",
      " [31.8333982 ]\n",
      " [25.81783237]\n",
      " [24.42982348]\n",
      " [28.45764337]\n",
      " [27.36266999]\n",
      " [19.53928758]\n",
      " [29.11309844]\n",
      " [31.91054611]\n",
      " [30.77159449]\n",
      " [28.94275871]\n",
      " [28.88191022]\n",
      " [32.79887232]\n",
      " [33.20905456]\n",
      " [30.76831792]\n",
      " [35.56226857]\n",
      " [32.70905124]\n",
      " [28.64244237]\n",
      " [23.58965827]\n",
      " [18.54266897]\n",
      " [26.87889843]\n",
      " [23.28133979]\n",
      " [25.54580246]\n",
      " [25.48120057]\n",
      " [20.53909901]\n",
      " [17.61572573]\n",
      " [18.37581686]\n",
      " [24.29070277]\n",
      " [21.32529039]\n",
      " [24.88682244]\n",
      " [24.86937282]\n",
      " [22.86952447]\n",
      " [19.45123791]\n",
      " [25.11783401]\n",
      " [24.66786913]\n",
      " [23.68076177]\n",
      " [19.34089616]\n",
      " [21.17418105]\n",
      " [24.25249073]\n",
      " [21.59260894]\n",
      " [19.98446605]\n",
      " [23.33888   ]\n",
      " [22.14060692]\n",
      " [21.55509929]\n",
      " [20.61872907]\n",
      " [20.16097176]\n",
      " [19.28490387]\n",
      " [22.1667232 ]\n",
      " [21.24965774]\n",
      " [21.42939305]\n",
      " [30.32788796]\n",
      " [22.04734975]\n",
      " [27.70647912]\n",
      " [28.54794117]\n",
      " [16.54501121]\n",
      " [14.78359641]\n",
      " [25.27380082]\n",
      " [27.54205117]\n",
      " [22.14837562]\n",
      " [20.45944095]\n",
      " [20.54605423]\n",
      " [16.88063827]\n",
      " [25.40253506]\n",
      " [14.32486632]\n",
      " [16.59488462]\n",
      " [19.63704691]\n",
      " [22.71806607]\n",
      " [22.20218887]\n",
      " [19.20548057]\n",
      " [22.66616105]\n",
      " [18.93192618]\n",
      " [18.22846804]\n",
      " [20.23150811]\n",
      " [37.4944739 ]\n",
      " [14.28190734]\n",
      " [15.54286248]\n",
      " [10.83162324]\n",
      " [23.80072902]\n",
      " [32.6440736 ]\n",
      " [34.60684042]\n",
      " [24.94331333]\n",
      " [25.9998091 ]\n",
      " [ 6.126325  ]\n",
      " [ 0.77779806]\n",
      " [25.30713064]\n",
      " [17.74061065]\n",
      " [20.23274414]\n",
      " [15.83331301]\n",
      " [16.83512587]\n",
      " [14.36994825]\n",
      " [18.47682833]\n",
      " [13.4276828 ]\n",
      " [13.06177512]\n",
      " [ 3.27918116]\n",
      " [ 8.06022171]\n",
      " [ 6.12842196]\n",
      " [ 5.6186481 ]\n",
      " [ 6.4519857 ]\n",
      " [14.20764735]\n",
      " [17.21225183]\n",
      " [17.29887265]\n",
      " [ 9.89116643]\n",
      " [20.22124193]\n",
      " [17.94181175]\n",
      " [20.30445783]\n",
      " [19.29559075]\n",
      " [16.33632779]\n",
      " [ 6.55162319]\n",
      " [10.89016778]\n",
      " [11.88145871]\n",
      " [17.81174507]\n",
      " [18.26126587]\n",
      " [12.97948781]\n",
      " [ 7.37816361]\n",
      " [ 8.21115861]\n",
      " [ 8.06626193]\n",
      " [19.98294786]\n",
      " [13.70756369]\n",
      " [19.85268454]\n",
      " [15.22308298]\n",
      " [16.96071981]\n",
      " [ 1.71851807]\n",
      " [11.80578387]\n",
      " [-4.28131071]\n",
      " [ 9.58376737]\n",
      " [13.36660811]\n",
      " [ 6.89562363]\n",
      " [ 6.14779852]\n",
      " [14.60661794]\n",
      " [19.6000267 ]\n",
      " [18.12427476]\n",
      " [18.52177132]\n",
      " [13.1752861 ]\n",
      " [14.62617624]\n",
      " [ 9.92374976]\n",
      " [16.34590647]\n",
      " [14.07519426]\n",
      " [14.25756243]\n",
      " [13.04234787]\n",
      " [18.15955693]\n",
      " [18.69554354]\n",
      " [21.527283  ]\n",
      " [17.03141861]\n",
      " [15.96090435]\n",
      " [13.36141611]\n",
      " [14.52079384]\n",
      " [ 8.81976005]\n",
      " [ 4.86751102]\n",
      " [13.06591313]\n",
      " [12.70609699]\n",
      " [17.29558059]\n",
      " [18.740485  ]\n",
      " [18.05901029]\n",
      " [11.51474683]\n",
      " [11.97400359]\n",
      " [17.68344618]\n",
      " [18.12695239]\n",
      " [17.5183465 ]\n",
      " [17.22742507]\n",
      " [16.52271631]\n",
      " [19.41291095]\n",
      " [18.58215236]\n",
      " [22.48944791]\n",
      " [15.28000133]\n",
      " [15.82089335]\n",
      " [12.68725581]\n",
      " [12.8763379 ]\n",
      " [17.18668531]\n",
      " [18.51247609]\n",
      " [19.04860533]\n",
      " [20.17208927]\n",
      " [19.7740732 ]\n",
      " [22.42940768]\n",
      " [20.31911854]\n",
      " [17.88616253]\n",
      " [14.37478523]\n",
      " [16.94776851]\n",
      " [16.98405762]\n",
      " [18.58838397]\n",
      " [20.16719441]\n",
      " [22.97718032]\n",
      " [22.45580726]\n",
      " [25.57824627]\n",
      " [16.39147632]\n",
      " [16.1114628 ]\n",
      " [20.534816  ]\n",
      " [11.54272738]\n",
      " [19.20496304]\n",
      " [21.86276391]\n",
      " [23.46878866]\n",
      " [27.09887315]\n",
      " [28.56994302]\n",
      " [21.08398783]\n",
      " [19.45516196]\n",
      " [22.22225914]\n",
      " [19.65591961]\n",
      " [21.32536104]\n",
      " [11.85583717]\n",
      " [ 8.22386687]\n",
      " [ 3.66399672]\n",
      " [13.75908538]\n",
      " [15.93118545]\n",
      " [20.62662054]\n",
      " [20.61249414]\n",
      " [16.88541964]\n",
      " [14.01320787]\n",
      " [19.10854144]\n",
      " [21.29805174]\n",
      " [18.45498841]\n",
      " [20.46870847]\n",
      " [23.53334055]\n",
      " [22.37571892]\n",
      " [27.6274261 ]\n",
      " [26.12796681]\n",
      " [22.34421229]]\n"
     ]
    }
   ],
   "source": [
    "#Tính y mũ:\n",
    "\n",
    "y_mu = X.dot(beta)\n",
    "print(y_mu)"
   ]
  },
  {
   "cell_type": "code",
   "execution_count": 9,
   "id": "314c71cb",
   "metadata": {},
   "outputs": [
    {
     "name": "stdout",
     "output_type": "stream",
     "text": [
      "[[-6.00384338e+00]\n",
      " [-3.42556238e+00]\n",
      " [ 4.13240328e+00]\n",
      " [ 4.79296351e+00]\n",
      " [ 8.25647577e+00]\n",
      " [ 3.44371554e+00]\n",
      " [-1.01808268e-01]\n",
      " [ 7.56401157e+00]\n",
      " [ 4.97636315e+00]\n",
      " [-2.02621071e-02]\n",
      " [-3.99949651e+00]\n",
      " [-2.68679568e+00]\n",
      " [ 7.93478472e-01]\n",
      " [ 8.47097189e-01]\n",
      " [-1.08348205e+00]\n",
      " [ 6.02516792e-01]\n",
      " [ 2.57249021e+00]\n",
      " [ 5.88598653e-01]\n",
      " [ 4.02198894e+00]\n",
      " [-2.06136033e-01]\n",
      " [ 1.07614247e+00]\n",
      " [ 1.92896331e+00]\n",
      " [-6.32881292e-01]\n",
      " [ 6.93714654e-01]\n",
      " [-7.83383155e-02]\n",
      " [ 5.13314391e-01]\n",
      " [ 1.13602345e+00]\n",
      " [ 9.15257194e-02]\n",
      " [-1.14737285e+00]\n",
      " [ 1.23571798e-01]\n",
      " [ 1.24488241e+00]\n",
      " [-3.55923295e+00]\n",
      " [ 4.38894264e+00]\n",
      " [-1.18275814e+00]\n",
      " [-2.06758913e-01]\n",
      " [-4.91463526e+00]\n",
      " [-2.34193708e+00]\n",
      " [-2.10891142e+00]\n",
      " [ 1.78497388e+00]\n",
      " [-5.57625688e-01]\n",
      " [ 6.84897746e-01]\n",
      " [-1.42056414e+00]\n",
      " [ 9.61337195e-02]\n",
      " [ 9.02072746e-02]\n",
      " [-1.74149176e+00]\n",
      " [-2.79669817e+00]\n",
      " [-4.23200323e-01]\n",
      " [-1.43655088e+00]\n",
      " [ 5.29344623e+00]\n",
      " [ 2.19392249e+00]\n",
      " [-1.58152535e+00]\n",
      " [-3.47222285e+00]\n",
      " [-2.65585080e+00]\n",
      " [-6.49018091e-01]\n",
      " [ 3.53815230e+00]\n",
      " [ 4.24735053e+00]\n",
      " [-1.56869782e-01]\n",
      " [-1.50919806e+00]\n",
      " [ 1.52462013e+00]\n",
      " [-1.48493555e+00]\n",
      " [ 8.27419603e-01]\n",
      " [-2.51110208e+00]\n",
      " [-1.78742856e+00]\n",
      " [ 2.44591131e+00]\n",
      " [ 9.62691356e+00]\n",
      " [-6.86148358e+00]\n",
      " [-6.13056512e+00]\n",
      " [ 8.86614358e-01]\n",
      " [-2.15378565e-02]\n",
      " [ 1.15163673e-01]\n",
      " [-1.00148859e+00]\n",
      " [-4.26577045e-02]\n",
      " [-1.75744957e+00]\n",
      " [-6.42957120e-01]\n",
      " [-1.40499716e+00]\n",
      " [-2.56693020e+00]\n",
      " [-2.94545403e+00]\n",
      " [-2.55699818e+00]\n",
      " [-6.19826623e-02]\n",
      " [-2.12817373e+00]\n",
      " [-4.05769682e-01]\n",
      " [-3.09486086e+00]\n",
      " [-1.23576297e+00]\n",
      " [-2.15873482e+00]\n",
      " [-8.84566738e-01]\n",
      " [-1.19049195e+00]\n",
      " [ 3.31465769e-01]\n",
      " [-3.69276415e+00]\n",
      " [-7.07461827e+00]\n",
      " [-2.13110623e+00]\n",
      " [-4.51901940e+00]\n",
      " [-5.41266734e+00]\n",
      " [-6.04122762e+00]\n",
      " [-4.08105546e+00]\n",
      " [-6.43977365e+00]\n",
      " [-2.24599485e-01]\n",
      " [-3.32744978e+00]\n",
      " [ 2.91840482e+00]\n",
      " [ 8.68545413e+00]\n",
      " [ 9.48971987e-01]\n",
      " [ 2.91977981e+00]\n",
      " [ 9.05865254e-01]\n",
      " [-1.19013684e+00]\n",
      " [-1.01167129e+00]\n",
      " [-1.33482591e+00]\n",
      " [ 9.60059918e-01]\n",
      " [ 2.31244008e+00]\n",
      " [-3.50490259e-01]\n",
      " [-2.84829115e+00]\n",
      " [-3.72036695e-01]\n",
      " [ 1.05034136e+00]\n",
      " [-3.72586744e+00]\n",
      " [-1.97323638e+00]\n",
      " [-2.01548315e+00]\n",
      " [-6.67208881e+00]\n",
      " [-2.13025591e+00]\n",
      " [-2.17724626e+00]\n",
      " [-4.49043261e+00]\n",
      " [ 6.42163574e-02]\n",
      " [-1.49180873e+00]\n",
      " [ 8.36792895e-02]\n",
      " [-2.17107777e+00]\n",
      " [-5.73855585e-02]\n",
      " [ 9.33380226e-01]\n",
      " [-1.76099819e+00]\n",
      " [-1.08178446e+00]\n",
      " [ 1.08293367e+00]\n",
      " [ 1.02123316e+00]\n",
      " [-9.38685924e-01]\n",
      " [ 2.44267149e-01]\n",
      " [-8.35273989e-01]\n",
      " [ 1.89865979e-01]\n",
      " [ 2.93808434e+00]\n",
      " [ 2.64192327e+00]\n",
      " [ 2.34354762e+00]\n",
      " [ 8.37222650e-01]\n",
      " [ 1.52158117e+00]\n",
      " [-2.26163954e+00]\n",
      " [-5.14838967e-01]\n",
      " [ 1.35118525e+00]\n",
      " [ 4.28580681e-01]\n",
      " [ 1.04111449e+01]\n",
      " [-1.19495478e+00]\n",
      " [ 3.45118520e+00]\n",
      " [ 3.07177638e+00]\n",
      " [ 1.76414657e+00]\n",
      " [-2.20820580e-01]\n",
      " [ 6.08500980e+00]\n",
      " [ 8.08155861e+00]\n",
      " [ 5.95486263e-01]\n",
      " [ 6.61418471e-01]\n",
      " [ 1.29898831e+00]\n",
      " [-4.82282558e+00]\n",
      " [ 2.11398106e+00]\n",
      " [-5.36600228e+00]\n",
      " [-4.50375923e+00]\n",
      " [-5.21258907e-01]\n",
      " [ 8.04017303e+00]\n",
      " [-4.73017268e+00]\n",
      " [-2.26752769e+00]\n",
      " [-5.70827666e+00]\n",
      " [ 1.32253299e+01]\n",
      " [ 9.44234156e+00]\n",
      " [ 8.15271832e+00]\n",
      " [-2.08867379e+00]\n",
      " [-3.78892378e-01]\n",
      " [ 1.27965255e+01]\n",
      " [ 7.12512527e-01]\n",
      " [-2.60273955e+00]\n",
      " [-4.35382114e+00]\n",
      " [-5.15514660e+00]\n",
      " [-5.19082812e+00]\n",
      " [ 1.23427810e-01]\n",
      " [-5.47194308e+00]\n",
      " [-3.92194340e+00]\n",
      " [-1.32209056e+00]\n",
      " [-2.41669307e+00]\n",
      " [-4.53740979e+00]\n",
      " [-1.53571968e+00]\n",
      " [ 4.27768432e+00]\n",
      " [ 5.07559536e+00]\n",
      " [ 8.43447889e+00]\n",
      " [ 4.01212679e+00]\n",
      " [ 1.50761964e+00]\n",
      " [ 3.68179992e+00]\n",
      " [ 4.83352190e+00]\n",
      " [ 1.41150277e+01]\n",
      " [-1.42476722e+00]\n",
      " [-2.61199147e+00]\n",
      " [ 3.84900507e-01]\n",
      " [ 6.23890515e+00]\n",
      " [ 2.10658593e-01]\n",
      " [ 3.48081286e+00]\n",
      " [-1.01260771e+00]\n",
      " [-2.45871004e+00]\n",
      " [ 9.15444279e+00]\n",
      " [-2.82770079e+00]\n",
      " [-2.36920810e+00]\n",
      " [-1.04691164e-01]\n",
      " [ 4.80654838e+00]\n",
      " [ 2.25606094e+00]\n",
      " [-5.18719501e+00]\n",
      " [ 5.22851608e+00]\n",
      " [ 6.46806876e+00]\n",
      " [ 6.81050156e+00]\n",
      " [-9.03479638e-02]\n",
      " [ 7.17152885e-01]\n",
      " [ 4.64552786e+00]\n",
      " [ 9.05710080e-01]\n",
      " [ 2.99412282e+00]\n",
      " [-6.92510964e-01]\n",
      " [ 2.23957246e+00]\n",
      " [-3.38929215e-01]\n",
      " [ 2.88057446e+00]\n",
      " [ 1.25808326e+01]\n",
      " [ 4.89508521e-01]\n",
      " [-3.30334775e+00]\n",
      " [ 3.44812873e-01]\n",
      " [-3.41525464e+00]\n",
      " [-6.68652768e+00]\n",
      " [-6.48419746e+00]\n",
      " [-2.07456656e+00]\n",
      " [-4.64051958e+00]\n",
      " [ 3.54180104e-01]\n",
      " [ 6.42897547e+00]\n",
      " [ 1.01853813e+01]\n",
      " [ 1.39424503e-02]\n",
      " [-7.99532503e-01]\n",
      " [ 1.12433476e+01]\n",
      " [ 2.65884883e-01]\n",
      " [-1.84492269e-01]\n",
      " [-1.58837292e+00]\n",
      " [ 3.65189520e+00]\n",
      " [ 1.11367137e+01]\n",
      " [-2.71383523e+00]\n",
      " [-1.26705571e+00]\n",
      " [-5.00010745e+00]\n",
      " [-1.21987156e+00]\n",
      " [-4.72717057e+00]\n",
      " [-5.12940678e+00]\n",
      " [-5.29375938e+00]\n",
      " [-3.64262478e+00]\n",
      " [-1.92007891e+00]\n",
      " [-3.70208414e+00]\n",
      " [ 1.27142440e+00]\n",
      " [ 5.10108739e+00]\n",
      " [ 4.28361225e+00]\n",
      " [ 6.38155722e-01]\n",
      " [ 3.21168690e+00]\n",
      " [ 2.12010850e+00]\n",
      " [ 1.93664530e-01]\n",
      " [-2.42158213e-01]\n",
      " [ 4.68035993e+00]\n",
      " [ 1.28543663e+01]\n",
      " [-2.07228316e+00]\n",
      " [-7.95808866e-01]\n",
      " [ 6.48890761e+00]\n",
      " [ 6.69760957e+00]\n",
      " [-4.83614206e-01]\n",
      " [-4.88988594e+00]\n",
      " [-1.01211508e+00]\n",
      " [ 5.93368669e+00]\n",
      " [ 7.81071499e+00]\n",
      " [-3.44634089e+00]\n",
      " [ 6.66024531e-01]\n",
      " [-5.44574300e+00]\n",
      " [-5.26735926e-01]\n",
      " [ 9.16044250e+00]\n",
      " [ 4.18207607e+00]\n",
      " [-5.00817905e+00]\n",
      " [-1.20295533e+00]\n",
      " [-2.00340972e+00]\n",
      " [-4.11169472e+00]\n",
      " [-2.76765982e-01]\n",
      " [-3.70639164e+00]\n",
      " [-1.79668274e+00]\n",
      " [-2.41085858e+00]\n",
      " [-1.73993382e+00]\n",
      " [-1.25192656e+00]\n",
      " [-2.09807009e-01]\n",
      " [ 6.60243034e+00]\n",
      " [ 1.06876814e+00]\n",
      " [ 5.66036925e+00]\n",
      " [ 5.32691661e+00]\n",
      " [ 6.03109145e-01]\n",
      " [-5.35659230e+00]\n",
      " [-1.74154101e-03]\n",
      " [-3.84206674e+00]\n",
      " [-4.91364580e+00]\n",
      " [-2.11395839e+00]\n",
      " [-4.93563311e+00]\n",
      " [ 2.89650367e+00]\n",
      " [-3.93339820e+00]\n",
      " [-1.91783237e+00]\n",
      " [-2.72982348e+00]\n",
      " [ 1.42356632e-01]\n",
      " [-2.62669985e-01]\n",
      " [ 7.60712419e-01]\n",
      " [-6.61309844e+00]\n",
      " [-2.91054611e+00]\n",
      " [-5.97159449e+00]\n",
      " [-6.94275871e+00]\n",
      " [-2.48191022e+00]\n",
      " [ 3.01127681e-01]\n",
      " [ 2.89094544e+00]\n",
